0.312243	0.58034	1	1	0.312243	0.58034	0.6	0.6	5.19994	0	0.287757	0.0196602	4.19994	1
0.511704	0.864569	2.74817	4.01735	0.862916	0.534212	0.859997	0.600045	5.19975	0.00179686	0.319462	0.187563	3.43873	2.92615
1.1434	0.524964	6.98307	1.29583	1.17385	0.481073	1.11998	0.600225	5.19943	0.00538996	0.26119	0.159189	2.9906	2.50266
1.2847	0.674619	3.86872	2.9395	0.969149	0.397513	1.37996	0.600629	5.19898	0.0107781	0.231157	0.142739	2.67398	2.61569
1.5823	0.696577	4.30214	2.31363	1.65063	0.62469	1.6399	0.601347	5.19839	0.0179597	0.208352	0.134586	2.42503	2.5549
1.79743	0.811163	4.44427	2.3214	1.62331	0.499091	1.89982	0.60247	5.19766	0.0269323	0.194737	0.14951	2.23501	2.51336
2.12695	0.75261	4.9446	1.50534	2.18882	0.648739	2.1597	0.604086	5.19678	0.0376932	0.180716	0.14937	2.07141	2.39213
2.34725	0.827759	4.84348	1.53281	1.96701	0.557117	2.41954	0.606284	5.19573	0.0502389	0.170966	0.160168	1.94162	2.29821
2.64	0.767769	5.05563	1.01667	2.65526	0.66598	2.67932	0.609155	5.1945	0.0645654	0.16172	0.159996	1.83117	2.18989
2.89413	0.81921	5.06975	1.02074	2.92034	0.645898	2.93904	0.612786	5.19309	0.080668	0.154077	0.165227	1.73763	2.09867
3.11831	0.75928	5.01976	0.685911	3.01222	0.637046	3.19869	0.617267	5.19147	0.0985415	0.148893	0.163253	1.65758	2.00883
3.37912	0.793973	5.06641	0.688817	3.56096	0.485311	3.45825	0.622685	5.18963	0.11818	0.144372	0.163938	1.58741	1.93035
3.75058	0.553372	5.39049	-0.157228	3.89365	0.311793	3.71772	0.62913	5.18754	0.139576	0.139008	0.158902	1.52617	1.85644
4.03176	0.545903	5.43928	-0.155756	4.19786	0.698311	3.97708	0.636689	5.18519	0.162724	0.134746	0.155032	1.47222	1.79094
4.30394	0.557567	5.44002	-0.100388	4.30935	0.578564	4.23632	0.645449	5.18256	0.187614	0.131342	0.151484	1.42385	1.73181
4.56738	0.55309	5.36865	-0.104248	4.61908	0.68951	4.49542	0.655498	5.17962	0.214238	0.128438	0.148892	1.37945	1.6787
4.67657	0.727635	4.97216	0.413469	4.35143	0.899174	4.75437	0.666921	5.17634	0.242587	0.126024	0.145195	1.33918	1.62911
4.92846	0.748781	4.95062	0.409419	5.20901	0.66599	5.01315	0.679804	5.1727	0.272649	0.124089	0.142037	1.3025	1.58354
5.28376	0.704997	5.22451	0.220586	5.51894	0.648233	5.27175	0.694234	5.16867	0.304413	0.120811	0.138271	1.26783	1.54142
5.54237	0.715173	5.25936	0.224245	5.22834	0.639362	5.53013	0.710295	5.16422	0.337868	0.117784	0.134774	1.23591	1.50261
5.87166	0.714014	5.4285	0.183552	6.022	0.708619	5.78828	0.728072	5.15932	0.372999	0.116376	0.131562	1.20755	1.46698
6.11304	0.71999	5.2577	0.165316	5.89392	0.373584	6.04618	0.747647	5.15393	0.409793	0.114591	0.128672	1.18	1.4342
6.36203	0.831136	5.21978	0.45265	6.34249	0.948833	6.30379	0.769103	5.14803	0.448233	0.112728	0.126507	1.15416	1.40267
6.61412	0.852466	5.15596	0.44382	6.62134	0.836138	6.5611	0.792523	5.14157	0.488305	0.110884	0.124447	1.12986	1.37317
6.84745	0.801807	5.09599	0.243483	6.78214	0.714036	6.81808	0.817988	5.13452	0.52999	0.108802	0.121975	1.10706	1.34665
7.09086	0.812877	4.98579	0.230932	7.29121	0.630741	7.07469	0.845578	5.12685	0.573269	0.106737	0.119778	1.08591	1.3222
7.27652	0.889263	4.82081	0.417432	7.13735	0.957217	7.3309	0.875373	5.11851	0.618123	0.105263	0.11757	1.06715	1.29806
7.5604	0.915077	5.03896	0.442519	8.08349	0.819605	7.58668	0.907449	5.10946	0.664531	0.103485	0.11546	1.04801	1.27536
7.81386	0.836324	5.04665	0.161284	7.80533	0.719126	7.84199	0.941886	5.09966	0.712469	0.10182	0.115133	1.02983	1.25735
8.06658	0.844595	4.99326	0.15532	8.40453	0.884557	8.0968	0.978759	5.08907	0.761915	0.10026	0.115818	1.01267	1.24117
8.29576	0.847849	4.94099	0.144438	8.24796	0.840322	8.35106	1.01814	5.07766	0.812843	0.0991285	0.117968	0.996503	1.22687
8.5677	0.856901	5.12206	0.161063	8.45858	1.41118	8.60472	1.06011	5.06537	0.865226	0.0977866	0.12154	0.98086	1.21395
8.79762	0.951222	5.05273	0.403709	8.74615	1.04858	8.85775	1.10473	5.05216	0.919037	0.0968609	0.122632	0.965884	1.19878
9.08534	0.975271	5.16678	0.414792	9.8809	1.1419	9.1101	1.15208	5.03798	0.974245	0.0955202	0.124562	0.95183	1.18491
9.31631	1.02194	5.09587	0.489248	9.25579	1.04913	9.36172	1.20223	5.0228	1.03082	0.0944582	0.126495	0.938215	1.17144
9.5983	1.04947	5.19529	0.499441	10.1016	1.52474	9.61255	1.25524	5.00656	1.08873	0.0931673	0.129355	0.925628	1.15922
9.91	1.24376	5.32197	0.967265	10.0484	1.44598	9.86254	1.31118	4.98922	1.14794	0.0922302	0.128075	0.914671	1.14383
10.1673	1.29033	5.18906	0.946363	10.5377	1.72555	10.1117	1.37011	4.97074	1.20841	0.0914553	0.12704	0.90325	1.12948
10.3709	1.39689	5.04309	1.11626	10.2492	1.45907	10.3598	1.4321	4.95106	1.2701	0.0902927	0.125527	0.891716	1.11518
10.6113	1.45017	4.9057	1.09279	10.9084	1.70343	10.6069	1.49721	4.93014	1.33298	0.0891596	0.124171	0.880508	1.10181
10.8196	1.48303	4.8119	1.0357	10.7313	1.45265	10.853	1.56549	4.90794	1.39701	0.0882202	0.123322	0.869833	1.08975
11.0826	1.53771	4.90793	1.04792	11.4783	1.42876	11.0979	1.637	4.8844	1.46213	0.0871956	0.122804	0.859423	1.07859
11.4062	1.59629	5.10801	1.05765	11.587	1.61462	11.3416	1.71179	4.85948	1.52832	0.0867366	0.122639	0.850216	1.06839
11.6421	1.64559	4.99949	1.03971	11.4763	1.53917	11.584	1.78992	4.83313	1.59551	0.0861909	0.123175	0.840873	1.0595
11.8566	1.72225	4.90727	1.11172	11.7788	1.74591	11.8251	1.87144	4.80531	1.66366	0.0853573	0.123812	0.831617	1.05089
12.1152	1.7795	4.98701	1.12303	12.136	2.14937	12.0647	1.95639	4.77598	1.73273	0.0847512	0.125206	0.823116	1.04328
12.3529	1.81246	4.95847	1.05969	12.3226	1.78353	12.3029	2.04482	4.74508	1.80265	0.0841612	0.12842	0.814907	1.0378
12.6085	1.86608	5.02474	1.06874	12.5457	1.77728	12.5394	2.13677	4.71257	1.87338	0.0838743	0.132946	0.807632	1.03348
12.7728	2.04336	4.79496	1.42164	12.5924	2.17509	12.7743	2.23227	4.67842	1.94485	0.0830143	0.134321	0.799521	1.0256
13.0413	2.11935	4.95269	1.44854	13.2198	2.6644	13.0075	2.33137	4.64258	2.01701	0.0823191	0.13631	0.7927	1.01847
13.2226	2.29576	4.77581	1.74436	13.0875	2.40708	13.2388	2.43409	4.605	2.08981	0.0815396	0.13635	0.785254	1.0096
13.4233	2.37438	4.59527	1.70716	12.7087	3.12439	13.4682	2.54047	4.56565	2.16317	0.0809909	0.136983	0.777678	1.00184
13.7049	2.53128	4.72307	1.89977	13.836	2.62479	13.6955	2.65053	4.52448	2.23703	0.0802334	0.136669	0.770789	0.993427
13.9312	2.62323	4.66541	1.88519	13.8302	2.73893	13.9208	2.7643	4.48147	2.31134	0.0794996	0.136752	0.764029	0.985892
14.1726	2.81961	4.67837	2.16719	14.2106	2.94205	14.1439	2.88179	4.43656	2.38601	0.0788688	0.135762	0.757753	0.977334
14.4194	2.93022	4.7487	2.18081	14.5568	2.87021	14.3646	3.00303	4.38974	2.46099	0.078503	0.134896	0.752487	0.969292
14.6006	2.98422	4.60887	2.03567	14.4616	2.90734	14.583	3.12802	4.34097	2.5362	0.0778464	0.135057	0.746701	0.963037
14.8416	3.0878	4.67629	2.04914	14.6754	3.96041	14.7989	3.25679	4.29021	2.61157	0.0773761	0.135714	0.74197	0.957551
15.0508	3.33693	4.60039	2.4581	15.0261	3.5067	15.0122	3.38932	4.23744	2.68703	0.0768823	0.134732	0.737171	0.949869
15.2757	3.45715	4.52106	2.43353	15.3685	4.14761	15.2228	3.52563	4.18263	2.76249	0.0765438	0.133896	0.732307	0.942877
15.5005	3.69288	4.50743	2.74868	15.5236	3.82936	15.4306	3.66572	4.12575	2.83789	0.0764396	0.13284	0.727922	0.935186
15.7139	3.82561	4.43475	2.72517	15.7234	3.4105	15.6355	3.80957	4.06678	2.91315	0.0764706	0.13178	0.723538	0.927921
15.9473	3.97831	4.46311	2.76878	15.9774	4.00094	15.8375	3.95719	4.00571	2.98817	0.0771119	0.130757	0.720083	0.920942
16.1546	4.11045	4.31642	2.72171	16.3376	4.21632	16.0363	4.10854	3.94251	3.0629	0.0779227	0.129732	0.715962	0.914714
16.3512	4.33842	4.25736	2.97764	16.3313	4.44499	16.2319	4.26363	3.87716	3.13723	0.0787244	0.129064	0.711997	0.907866
16.5644	4.48598	4.22868	2.96428	16.7586	4.48231	16.4242	4.42242	3.80966	3.21109	0.0800116	0.128321	0.708462	0.901474
16.7208	4.65847	4.08365	3.03993	16.6039	4.67344	16.613	4.5849	3.74	3.28438	0.0804973	0.127676	0.704408	0.895219
16.8967	4.79926	3.86342	2.96392	16.9236	5.10119	16.7983	4.75103	3.66817	3.35704	0.08079	0.126869	0.69961	0.88989
17.0501	5.07076	3.74643	3.30901	16.9955	5.21099	16.9799	4.92077	3.59416	3.42897	0.0806453	0.127234	0.694763	0.883536
17.2243	5.2299	3.65958	3.27454	17.3421	4.64623	17.1579	5.09409	3.51797	3.50008	0.0804607	0.127361	0.689991	0.877617
17.3686	5.41738	3.55624	3.34646	17.2894	5.43542	17.3319	5.27094	3.4396	3.57028	0.0800106	0.127649	0.685254	0.871819
17.5298	5.5769	3.45611	3.30618	17.6463	4.74597	17.5019	5.45128	3.35907	3.63949	0.0795209	0.127621	0.680575	0.866635
17.7337	5.68566	3.5439	3.14591	17.7853	5.62476	17.6679	5.63506	3.27637	3.70762	0.0793494	0.126883	0.676622	0.863186
17.8965	5.83588	3.42369	3.0971	17.9216	6.07151	17.8297	5.82221	3.19151	3.77458	0.079193	0.126032	0.672577	0.860943
18.0783	6.06883	3.44169	3.30822	18.1263	6.16985	17.9872	6.01269	3.10453	3.84027	0.0793644	0.125357	0.669211	0.857388
18.2441	6.23019	3.38319	3.2811	18.1245	6.79027	18.1402	6.20641	3.01542	3.90462	0.0797363	0.12456	0.666131	0.854726
18.3386	6.52324	3.17259	3.64724	18.2164	6.66138	18.2888	6.40332	2.92421	3.96753	0.0794199	0.1245	0.662397	0.849942
18.486	6.69904	3.08466	3.60613	18.4022	7.02231	18.4328	6.60333	2.83093	4.0289	0.0791387	0.124174	0.658764	0.845832
18.6145	6.83059	3.02432	3.47889	18.5422	6.76013	18.572	6.80638	2.7356	4.08867	0.0787818	0.123415	0.655386	0.843257
18.7724	7.00579	3.05109	3.48504	18.8089	7.24388	18.7064	7.01237	2.63825	4.14672	0.0786348	0.122644	0.652911	0.841229
18.9951	7.1709	3.23513	3.44547	19.1441	7.18344	18.8359	7.22122	2.53893	4.20299	0.0801235	0.122012	0.653463	0.840246
19.1135	7.323	3.00282	3.34501	18.5479	7.4012	18.9604	7.43283	2.43767	4.25737	0.081408	0.121871	0.652458	0.841163
19.1644	7.6714	2.71919	3.85712	19.0138	7.8688	19.0798	7.64712	2.3345	4.3098	0.0814482	0.121164	0.649889	0.837556
19.2924	7.85879	2.66839	3.82924	19.3089	7.67375	19.1939	7.86397	2.22949	4.36017	0.0816724	0.120442	0.647781	0.834568
19.3268	8.10007	2.40216	3.98593	19.132	8.12845	19.3028	8.08329	2.12266	4.40842	0.0812324	0.119745	0.644673	0.830909
19.4338	8.2917	2.37253	3.96994	19.0239	8.17194	19.4062	8.30497	2.01409	4.45445	0.0808136	0.119056	0.642078	0.827715
19.4953	8.42027	2.23323	3.79495	19.347	8.30741	19.5042	8.5289	1.90381	4.49819	0.0803535	0.118941	0.639353	0.82639
19.6002	8.60485	2.18543	3.76662	19.6843	8.35902	19.5966	8.75494	1.7919	4.53956	0.0798965	0.119341	0.637093	0.825802
19.8004	8.82009	2.42	3.8174	20.0039	8.8906	19.6835	8.983	1.67841	4.57848	0.0804078	0.119918	0.638362	0.825103
19.9004	8.99841	2.27627	3.7406	19.6061	9.48659	19.7645	9.21294	1.56341	4.61488	0.0812318	0.121375	0.639237	0.825666
20.046	9.29794	2.34256	4.03458	20.1574	9.45949	19.8398	9.44463	1.44697	4.64869	0.0836245	0.121682	0.642611	0.823637
20.1226	9.47614	2.10037	3.90421	19.6163	9.76606	19.9093	9.67795	1.32916	4.67984	0.0860915	0.122834	0.644147	0.82313
20.1909	9.77933	1.987	4.20207	20.1573	9.90876	19.9728	9.91275	1.21005	4.70826	0.0885659	0.122953	0.64572	0.820373
20.2753	9.97951	1.9078	4.1553	19.1911	11.5493	20.0303	10.1489	1.08972	4.73389	0.0916477	0.123539	0.647795	0.818177
20.2864	10.3219	1.66378	4.53564	20.166	10.4687	20.0818	10.3863	0.968259	4.75666	0.0935516	0.123064	0.648315	0.814176
20.3297	10.5229	1.44032	4.40275	19.6775	10.803	20.1271	10.6247	0.845742	4.77652	0.0953315	0.122862	0.647779	0.810822
20.3754	10.8611	1.35122	4.7229	20.371	11.0109	20.1663	10.864	0.722256	4.7934	0.0971865	0.122227	0.647587	0.806663
20.4228	11.0828	1.23505	4.64827	19.4335	12.3402	20.1993	11.1041	0.597892	4.80727	0.0992892	0.121621	0.647482	0.802698
20.4259	11.3398	1.07519	4.72894	20.3164	11.3483	20.2261	11.3449	0.472738	4.81807	0.100806	0.121006	0.647043	0.798684
20.4206	11.5358	0.746828	4.51931	19.2063	12.2418	20.2466	11.5861	0.346889	4.82575	0.101799	0.120504	0.64504	0.795271
20.4996	11.8294	0.845751	4.68608	20.6141	11.9422	20.2608	11.8275	0.220439	4.83027	0.104044	0.119907	0.644848	0.791454
20.5237	12.0503	0.789032	4.64847	19.966	11.9688	20.2687	12.0692	0.093487	4.83159	0.106567	0.119332	0.645364	0.787774
20.4685	12.3892	0.518002	4.954	20.3263	12.4966	20.2701	12.3108	-0.0338694	4.82968	0.107835	0.119002	0.644522	0.784036
20.4479	12.6012	0.239017	4.75654	20.0192	12.4823	20.2652	12.5522	-0.161529	4.82451	0.108799	0.118526	0.642617	0.780286
20.4695	12.8592	0.261234	4.80646	20.498	12.8924	20.254	12.7933	-0.28939	4.81605	0.110303	0.118135	0.641803	0.776562
20.4615	13.0815	0.110884	4.6923	20.9151	12.2555	20.2363	13.0339	-0.417348	4.80428	0.11194	0.117668	0.640826	0.772967
20.3822	13.272	-0.108269	4.60164	20.1943	13.1688	20.2122	13.2738	-0.545298	4.78918	0.11262	0.117117	0.639222	0.76956
20.3561	13.4849	-0.204372	4.52857	19.858	13.5236	20.1818	13.5129	-0.673135	4.77072	0.113346	0.116604	0.637853	0.766343
20.3265	13.7876	-0.270772	4.73198	20.3245	13.8896	20.1449	13.7509	-0.800753	4.74892	0.114157	0.116121	0.636946	0.762821
20.2853	14	-0.444482	4.59277	20.3387	13.5307	20.1017	13.9878	-0.928043	4.72374	0.114978	0.115598	0.635718	0.759449
20.206	14.2841	-0.608455	4.7501	20.1216	14.337	20.0521	14.2233	-1.0549	4.69521	0.115387	0.115221	0.634265	0.756038
20.1471	14.4962	-0.757094	4.62803	19.6717	14.4038	19.9962	14.4573	-1.18121	4.66331	0.115753	0.114764	0.632698	0.752663
19.9897	14.769	-1.08769	4.76974	19.781	14.773	19.934	14.6897	-1.30687	4.62805	0.115359	0.114498	0.63023	0.749443
19.9161	14.9891	-1.17422	4.69453	20.1149	14.0165	19.8655	14.9202	-1.43177	4.58944	0.11495	0.114178	0.627923	0.746214
19.9172	15.2049	-1.00874	4.62811	20.0208	15.2053	19.7908	15.1486	-1.55581	4.54751	0.115054	0.113801	0.627265	0.743
19.8253	15.3955	-1.33416	4.33449	20.0157	15.3443	19.7099	15.3749	-1.67887	4.50226	0.115058	0.113326	0.625375	0.739955
19.8184	15.5776	-1.1653	4.22826	19.9131	15.554	19.6229	15.5989	-1.80085	4.45372	0.115982	0.112857	0.625462	0.737081
19.7367	15.7657	-1.30478	4.10051	19.9388	15.0864	19.5298	15.8203	-1.92164	4.40193	0.117049	0.112491	0.62539	0.734475
19.5974	16.0005	-1.51176	4.19861	19.4748	16.0098	19.4307	16.039	-2.04114	4.3469	0.117554	0.112073	0.624645	0.731509
19.5033	16.1913	-1.59806	4.11697	19.1556	16.0022	19.3257	16.2549	-2.15925	4.28868	0.118181	0.111756	0.624142	0.728623
19.3646	16.3595	-1.75085	4.03964	19.238	16.2719	19.2148	16.4679	-2.27586	4.22731	0.118477	0.111728	0.623388	0.725807
19.2603	16.5426	-1.87108	3.91797	19.4007	16.2962	19.0981	16.6777	-2.39087	4.16284	0.118901	0.111939	0.622609	0.723166
19.0994	16.7905	-2.06522	4.06963	19.0029	16.8387	18.9757	16.8841	-2.50418	4.0953	0.118941	0.111802	0.621334	0.720224
18.9743	16.9672	-2.28619	3.83411	18.8373	17.7112	18.8477	17.0872	-2.61571	4.02476	0.119004	0.11187	0.619531	0.717518
18.7532	17.2661	-2.59994	4.1356	18.6148	17.3832	18.7142	17.2866	-2.72534	3.95127	0.118579	0.111436	0.61715	0.714832
18.6234	17.4718	-2.58118	4.15226	18.8177	17.0316	18.5752	17.4822	-2.83299	3.87489	0.118186	0.110997	0.615105	0.712419
18.3569	17.6572	-2.95478	4.13886	18.1023	17.5529	18.4309	17.674	-2.93858	3.79568	0.117902	0.110569	0.612681	0.710262
18.202	17.8541	-2.98624	4.10044	18.2749	17.4877	18.2814	17.8617	-3.042	3.71372	0.117651	0.110139	0.610302	0.708307
18.1127	18.0428	-2.81731	4.04176	18.2094	18.0461	18.1268	18.0453	-3.14318	3.62906	0.1172	0.109711	0.608609	0.706491
17.9419	18.2067	-3.01502	3.80994	18.3021	17.498	17.9671	18.2246	-3.24204	3.5418	0.11677	0.1093	0.606591	0.704162
17.8459	18.3193	-2.84798	3.60133	17.9018	18.2183	17.8026	18.3994	-3.3385	3.45199	0.116385	0.109106	0.605789	0.70159
17.7064	18.499	-2.90207	3.52317	18.8558	18.1364	17.6334	18.5697	-3.43247	3.35973	0.116117	0.108866	0.605253	0.699072
17.4916	18.6989	-3.09971	3.60262	17.3845	18.7039	17.4595	18.7353	-3.5239	3.26509	0.115713	0.108502	0.604094	0.697054
17.3128	18.8462	-3.25523	3.40644	17.7945	18.0801	17.281	18.8962	-3.61271	3.16817	0.115313	0.108183	0.602628	0.694753
17.1693	18.9644	-3.1914	3.27303	17.1762	18.8863	17.0983	19.0521	-3.69883	3.06904	0.115048	0.108045	0.601978	0.692398
17.009	19.1235	-3.25241	3.18307	16.9398	19.7311	16.9113	19.203	-3.78221	2.9678	0.11493	0.107863	0.601479	0.690094
16.7568	19.2133	-3.48816	3.04068	16.5734	19.052	16.7201	19.3488	-3.86278	2.86455	0.114553	0.10809	0.600133	0.687736
16.5797	19.3578	-3.56217	2.93005	16.1674	20.2201	16.5251	19.4894	-3.9405	2.75938	0.114232	0.108279	0.598822	0.685394
16.3282	19.559	-3.77741	3.08467	16.2338	19.6171	16.3262	19.6246	-4.01531	2.65237	0.11382	0.108032	0.597005	0.683907
16.1026	19.6591	-3.96204	2.83212	16.4366	18.2742	16.1237	19.7545	-4.08716	2.54364	0.113427	0.107947	0.594963	0.681896
15.9074	19.8257	-3.95854	2.89155	15.9243	19.8703	15.9176	19.8789	-4.15602	2.43329	0.113027	0.107657	0.593083	0.680569
15.7	19.9541	-4.00798	2.81675	16.2328	19.2166	15.7082	19.9978	-4.22185	2.32141	0.112631	0.10734	0.591263	0.679441
15.4672	20.1328	-4.10605	2.91707	15.4332	20.1836	15.4956	20.111	-4.28461	2.2081	0.112261	0.106979	0.589381	0.679652
15.2582	20.2684	-4.18082	2.79003	14.3677	21.3406	15.2799	20.2185	-4.34427	2.09347	0.111885	0.106688	0.587489	0.679771
15.1079	20.4091	-4.01557	2.77613	15.2016	20.4385	15.0613	20.3203	-4.4008	1.97763	0.111566	0.106575	0.586333	0.680661
14.8786	20.4993	-4.18142	2.51546	14.7476	19.9571	14.84	20.4162	-4.4542	1.86068	0.111229	0.106432	0.584758	0.680487
14.6694	20.6192	-4.18068	2.50161	14.6665	20.6088	14.6161	20.5063	-4.50443	1.74272	0.110937	0.106477	0.583377	0.681051
14.4409	20.7078	-4.32486	2.25832	13.841	21.0031	14.3897	20.5904	-4.55149	1.62386	0.110642	0.106555	0.581701	0.680747
14.1698	20.7479	-4.46633	2.10061	14.0521	20.5924	14.1611	20.6686	-4.59537	1.50421	0.110273	0.106395	0.579842	0.680215
13.9327	20.8248	-4.57488	1.90661	13.8232	20.859	13.9304	20.7408	-4.63606	1.38386	0.109904	0.106261	0.577928	0.679287
13.6207	20.8639	-4.80036	1.79639	13.4686	20.7253	13.6977	20.807	-4.67357	1.26294	0.109719	0.10601	0.576103	0.678424
13.3622	20.915	-4.93419	1.54752	13.8263	20.4261	13.4632	20.8671	-4.70789	1.14153	0.109664	0.105732	0.574498	0.67699
13.1224	20.9337	-4.90408	1.40771	13.1072	20.8294	13.2271	20.9211	-4.73904	1.01975	0.109632	0.105391	0.572773	0.675502
12.8766	20.998	-4.94929	1.30797	13.2669	21.1579	12.9895	20.969	-4.76702	0.897694	0.109654	0.105074	0.571099	0.674117
12.7298	21.0469	-4.65968	1.24347	12.8729	21.0592	12.7506	21.0108	-4.79186	0.775469	0.109313	0.104775	0.569353	0.672989
12.4863	21.084	-4.75067	1.05817	11.5171	21.6724	12.5106	21.0465	-4.81358	0.653175	0.108979	0.104482	0.567548	0.671612
12.2328	21.1298	-4.79505	1.04563	12.2062	21.11	12.2695	21.0761	-4.83219	0.530912	0.108671	0.104237	0.565745	0.670729
11.9842	21.1585	-4.88495	0.849806	12.3859	21.1066	12.0276	21.0996	-4.84773	0.408778	0.108381	0.104012	0.56396	0.669523
11.7354	21.0845	-4.8781	0.58015	11.6814	20.8651	11.785	21.117	-4.86022	0.286869	0.108111	0.103716	0.562185	0.667819
11.4775	21.0803	-4.96089	0.401996	11.5265	20.6748	11.5418	21.1283	-4.86971	0.165281	0.107893	0.103461	0.560472	0.665992
11.2872	21.0815	-4.79269	0.34448	11.363	21.0688	11.2982	21.1335	-4.87623	0.0441057	0.107561	0.103221	0.558768	0.664343
11.027	21.0507	-4.89734	0.117704	10.5558	20.5567	11.0544	21.1327	-4.87982	-0.076565	0.10725	0.103104	0.557042	0.662465
10.8349	21.0047	-4.73771	-0.0143946	10.8903	20.927	10.8105	21.1259	-4.88053	-0.196643	0.106937	0.103224	0.555443	0.660584
10.5933	20.9908	-4.76208	-0.073586	9.30535	21.3896	10.5666	21.1131	-4.8784	-0.31604	0.106631	0.103351	0.553822	0.658839
10.2728	21.0743	-5.0123	0.145841	10.189	21.209	10.3229	21.0943	-4.87349	-0.434674	0.106379	0.103049	0.552247	0.658392
10.0173	21.0629	-5.07494	-0.0235878	9.97958	21.2932	10.0795	21.0697	-4.86585	-0.552463	0.106168	0.10274	0.55082	0.657688
9.86667	21.0207	-4.77188	-0.140006	9.99634	20.9797	9.83658	21.0391	-4.85554	-0.669327	0.105875	0.102442	0.549206	0.656994
9.62586	21.0045	-4.7939	-0.204341	9.38223	21.111	9.59422	21.0028	-4.84262	-0.785189	0.105588	0.102136	0.547582	0.656567
9.45743	20.9453	-4.58108	-0.331262	9.53921	20.8762	9.35258	20.9607	-4.82714	-0.899977	0.105583	0.101841	0.546288	0.656082
9.22386	20.9106	-4.64134	-0.504964	9.63392	20.9724	9.11177	20.9128	-4.80919	-1.01362	0.105623	0.101541	0.544831	0.655312
8.87159	20.8778	-4.98705	-0.497471	8.70331	20.8221	8.87192	20.8594	-4.78881	-1.12605	0.105313	0.101253	0.543447	0.655159
8.61295	20.8205	-5.05063	-0.687569	9.84634	20.009	8.63315	20.8003	-4.76608	-1.2372	0.105018	0.10097	0.542299	0.654594
8.31576	20.6884	-5.16587	-0.900607	8.22277	20.4839	8.39557	20.7358	-4.74108	-1.34701	0.10489	0.100742	0.541693	0.653581
8.05301	20.6237	-5.20671	-1.0373	8.29647	20.4978	8.1593	20.6657	-4.71387	-1.45542	0.104898	0.100503	0.541425	0.652471
7.8385	20.5258	-5.0676	-1.14982	7.88599	20.45	7.92445	20.5903	-4.68453	-1.56237	0.104799	0.100334	0.540652	0.651351
7.58512	20.4586	-5.1081	-1.30521	8.29081	20.6565	7.69111	20.5096	-4.65313	-1.66781	0.104806	0.100122	0.540203	0.650073
7.26504	20.3994	-5.29657	-1.28039	7.18029	20.392	7.45939	20.4237	-4.61975	-1.7717	0.105526	0.0998557	0.541072	0.649285
6.99594	20.3145	-5.32787	-1.40113	7.09214	20.1196	7.22939	20.3326	-4.58448	-1.87399	0.106674	0.099584	0.54242	0.648428
6.76931	20.221	-5.20928	-1.46008	6.81542	20.1859	7.00119	20.2364	-4.54738	-1.97462	0.107778	0.0993121	0.54316	0.647757
6.5084	20.1387	-5.22925	-1.55391	6.89359	20.1536	6.7749	20.1352	-4.50854	-2.07357	0.109298	0.0990362	0.544306	0.647115
6.31088	20.0395	-5.04047	-1.61159	6.38914	20.0137	6.55059	20.0292	-4.46805	-2.17079	0.110443	0.0987652	0.544466	0.646662
6.06082	19.9559	-5.06011	-1.71971	6.67637	20.2142	6.32834	19.9183	-4.42598	-2.26625	0.11191	0.0985329	0.544999	0.646155
5.83263	19.8547	-4.98598	-1.75707	5.86119	19.8306	6.10823	19.8027	-4.38241	-2.35993	0.113448	0.0983385	0.545336	0.645926
5.5758	19.7241	-5.04089	-2.01116	5.28178	19.5036	5.89034	19.6824	-4.33744	-2.45178	0.115491	0.0981189	0.546319	0.644987
5.48679	19.5949	-4.562	-2.09588	5.69089	19.5755	5.67472	19.5577	-4.29114	-2.5418	0.116004	0.0978917	0.545204	0.644076
5.25306	19.4575	-4.60082	-2.28235	5.9506	18.9859	5.46145	19.4284	-4.24359	-2.62995	0.116696	0.0976514	0.544367	0.642848
5.08476	19.3709	-4.42361	-2.22878	5.17021	19.4397	5.25059	19.2948	-4.19488	-2.71622	0.117014	0.0975485	0.543167	0.642117
4.86571	19.2606	-4.42934	-2.2824	5.87397	19.301	5.04219	19.157	-4.1451	-2.80059	0.11741	0.0975818	0.542117	0.641521
4.75844	19.084	-4.0892	-2.4345	4.89149	18.982	4.8363	19.015	-4.09432	-2.88305	0.117236	0.0974529	0.540681	0.640653
4.55061	18.9359	-4.12323	-2.62577	3.98679	19.0452	4.63297	18.8689	-4.04263	-2.96359	0.117079	0.0973175	0.539288	0.639435
4.39846	18.8108	-3.96597	-2.618	4.4685	18.834	4.43224	18.7188	-3.99012	-3.0422	0.116798	0.0972902	0.537878	0.638497
4.19911	18.6682	-3.97585	-2.68589	4.69245	18.4634	4.23416	18.5648	-3.93685	-3.11888	0.116521	0.0973227	0.536482	0.637598
4.118	18.5091	-3.62925	-2.75308	4.26269	18.481	4.03876	18.4071	-3.88293	-3.19362	0.116359	0.0973475	0.535402	0.636734
3.9346	18.3444	-3.67219	-3.0329	3.42434	18.8357	3.84606	18.2457	-3.82841	-3.26644	0.116232	0.0973545	0.534138	0.635312
3.62221	18.1918	-4.04893	-3.02218	3.45919	18.167	3.65611	18.0807	-3.77339	-3.33732	0.115959	0.0974301	0.533132	0.634083
3.42102	18.0425	-4.04615	-3.02336	4.3011	17.9267	3.46891	17.9122	-3.71795	-3.40627	0.115714	0.0976258	0.532287	0.633054
3.18053	17.8465	-4.15429	-3.11916	3.12525	17.7493	3.28449	17.7402	-3.66215	-3.47331	0.115657	0.0976714	0.532091	0.631949
2.97304	17.6713	-4.17067	-3.29524	2.65664	17.888	3.10287	17.565	-3.60609	-3.53844	0.115733	0.0977169	0.53226	0.630588
2.8384	17.6048	-3.96134	-3.08359	2.9449	17.8154	2.92405	17.3866	-3.54982	-3.60167	0.115601	0.0986906	0.531722	0.630073
2.63806	17.4054	-3.98862	-3.37529	3.26647	17.0897	2.74805	17.2051	-3.49344	-3.66302	0.115574	0.099457	0.531545	0.628825
2.4929	17.1846	-3.82565	-3.4928	2.55407	17.0853	2.57486	17.0205	-3.437	-3.72251	0.115431	0.0998821	0.530929	0.627468
2.30209	17.0123	-3.82094	-3.45678	2.55039	16.8884	2.4045	16.833	-3.38059	-3.78014	0.11537	0.100429	0.530519	0.626327
2.17487	16.8352	-3.63322	-3.4691	2.25371	16.8334	2.23695	16.6427	-3.32428	-3.83595	0.115168	0.101088	0.529655	0.625312
1.99078	16.6342	-3.6396	-3.53983	1.57735	16.0489	2.07221	16.4497	-3.26812	-3.88995	0.115027	0.101664	0.528995	0.624259
1.84984	16.3405	-3.51177	-3.79798	1.88972	16.1054	1.91027	16.254	-3.21219	-3.94216	0.114824	0.101596	0.528118	0.622816
1.67544	16.1603	-3.50659	-3.75001	1.74362	16.2687	1.75112	16.0557	-3.15656	-3.99261	0.114666	0.101611	0.527398	0.621533
1.47523	16.0103	-3.58186	-3.6668	1.44745	16.0853	1.59474	15.8549	-3.10129	-4.04132	0.11469	0.101939	0.527182	0.620576
1.29684	15.791	-3.58702	-3.8894	1.6097	15.5526	1.44111	15.6517	-3.04644	-4.08832	0.11485	0.102151	0.527248	0.619236
1.14877	15.5408	-3.49222	-4.01215	1.18395	15.4284	1.29021	15.4463	-2.99207	-4.13364	0.114992	0.102116	0.527121	0.61781
0.975318	15.3451	-3.48953	-4.01278	0.828993	15.528	1.14201	15.2386	-2.93825	-4.1773	0.115293	0.102138	0.527239	0.616442
0.766677	15.1001	-3.58802	-4.11015	0.722706	15.0075	0.996486	15.0288	-2.88503	-4.21933	0.116103	0.102014	0.52821	0.615025
0.5879	14.9151	-3.58592	-4.02643	1.03147	15.2134	0.853604	14.8169	-2.83246	-4.25977	0.117257	0.101997	0.529497	0.613782
0.556018	14.7098	-3.15214	-4.0325	0.737301	14.7047	0.71333	14.603	-2.78061	-4.29864	0.117477	0.10202	0.528866	0.612611
0.400333	14.4771	-3.14731	-4.21696	0.722177	14.2445	0.575628	14.3872	-2.72952	-4.33598	0.117813	0.101967	0.528401	0.611232
0.247709	14.2455	-3.13265	-4.26237	0.253435	14.2029	0.440459	14.1696	-2.67925	-4.37181	0.118272	0.101861	0.528077	0.609855
0.0946181	14.0019	-3.12092	-4.48172	-0.0328023	13.9604	0.307779	13.9502	-2.62984	-4.40617	0.118886	0.101686	0.527912	0.608463
0.171874	13.7486	-2.43377	-4.53669	0.459172	13.6856	0.177545	13.7292	-2.58135	-4.43909	0.118612	0.10146	0.526789	0.607096
0.0519986	13.5096	-2.42782	-4.65515	0.0524412	13.6377	0.0497099	13.5065	-2.53381	-4.47061	0.11834	0.101227	0.525628	0.605831
-0.123618	13.2793	-2.58741	-4.65174	-0.190344	13.2856	-0.0757753	13.2823	-2.48728	-4.50075	0.118114	0.100996	0.524471	0.604532
-0.253251	13.0559	-2.58905	-4.60314	-0.275043	13.1456	-0.198962	13.0566	-2.44179	-4.52955	0.117902	0.100766	0.523372	0.603177
-0.189831	12.8622	-2.02248	-4.5134	0.0462308	12.9301	-0.319903	12.8295	-2.39739	-4.55704	0.11796	0.100562	0.522795	0.601818
-0.291139	12.6316	-2.0237	-4.49377	-0.684792	12.3563	-0.438654	12.6011	-2.35412	-4.58326	0.118109	0.100356	0.522087	0.600491
-0.430335	12.3921	-2.13524	-4.52822	-0.476482	12.3633	-0.555273	12.3714	-2.31202	-4.60823	0.118141	0.10014	0.52105	0.599167
-0.537242	12.18	-2.13565	-4.50058	-0.972122	12.5207	-0.669818	12.1404	-2.27111	-4.63198	0.118209	0.0999514	0.519964	0.597892
-0.615802	11.9829	-2.05295	-4.43751	-0.582624	12.0386	-0.78235	11.9083	-2.23144	-4.65456	0.118468	0.0998529	0.518944	0.596738
-0.717201	11.7529	-2.04736	-4.48642	-1.26757	11.6495	-0.892931	11.6751	-2.19304	-4.67598	0.118782	0.099766	0.517885	0.59555
-0.978801	11.4822	-2.51528	-4.60052	-1.17212	11.3988	-1.00163	11.4409	-2.15594	-4.69628	0.11853	0.0995836	0.517293	0.59427
-1.10532	11.2488	-2.5222	-4.55844	-0.891441	10.959	-1.1085	11.2057	-2.12017	-4.71549	0.11827	0.0994061	0.516844	0.593057
-1.30321	11.0255	-2.73294	-4.55591	-1.39289	11.0424	-1.21362	10.9695	-2.08575	-4.73364	0.118159	0.0992579	0.517484	0.591877
-1.4329	10.7792	-2.69709	-4.71942	-1.29894	10.9012	-1.31706	10.7324	-2.05273	-4.75075	0.118149	0.0990899	0.518103	0.590593
-1.53868	10.5039	-2.61255	-4.80213	-1.49687	10.4198	-1.41889	10.4945	-2.02111	-4.76686	0.118157	0.0988771	0.518443	0.589318
-1.66229	10.2389	-2.57942	-4.94168	-1.59293	10.0212	-1.51917	10.2559	-1.99093	-4.78198	0.118276	0.0986701	0.518765	0.58814
-1.70872	10.0776	-2.33554	-4.73867	-1.61875	10.2374	-1.61797	10.0165	-1.96221	-4.79615	0.118171	0.0985395	0.518228	0.586888
-1.82433	9.83994	-2.32812	-4.76294	-1.59702	9.96554	-1.71539	9.77637	-1.93498	-4.80939	0.118133	0.0984165	0.517758	0.585641
-1.84613	9.64491	-2.05005	-4.65059	-1.73381	9.71347	-1.81147	9.53564	-1.90924	-4.82172	0.117903	0.0984652	0.516737	0.5845
-1.94233	9.396	-2.01285	-4.78616	-2.27191	9.37316	-1.90631	9.29431	-1.88502	-4.83316	0.117677	0.0984791	0.515708	0.583268
-2.00907	9.03068	-1.91748	-5.05935	-1.93833	8.77028	-1.99998	9.05243	-1.86233	-4.84374	0.11743	0.0982813	0.514631	0.582205
-2.11135	8.79865	-1.94666	-4.96326	-1.96565	9.13274	-2.09256	8.81003	-1.8412	-4.85347	0.117189	0.0980773	0.513595	0.581024
-2.19503	8.54844	-1.90689	-4.96496	-2.1768	8.5411	-2.18412	8.56717	-1.82164	-4.86238	0.116946	0.0978794	0.512549	0.579845
-2.29019	8.29917	-1.90477	-4.97371	-2.65862	8.19477	-2.27474	8.32388	-1.80365	-4.87047	0.116706	0.0976883	0.511521	0.578674
-2.30881	8.09186	-1.67978	-4.86333	-2.21875	8.15339	-2.3645	8.0802	-1.78726	-4.87778	0.116519	0.0974883	0.510506	0.577473
-2.39862	7.87083	-1.69378	-4.82155	-2.273	8.52315	-2.45348	7.83617	-1.77248	-4.8843	0.116331	0.0973122	0.509475	0.576293
-2.53357	7.61576	-1.84059	-4.86557	-2.59674	7.60288	-2.54177	7.59184	-1.75931	-4.89006	0.116093	0.0971239	0.508453	0.575108
-2.63526	7.38957	-1.88845	-4.76577	-3.08256	7.38874	-2.62944	7.34723	-1.74777	-4.89507	0.115855	0.0969626	0.50749	0.573988
-2.76335	7.11793	-1.98787	-4.85069	-2.79865	7.064	-2.71658	7.10238	-1.73786	-4.89933	0.115657	0.0967696	0.506705	0.572824
-2.85907	6.87552	-1.95338	-4.91183	-2.79412	7.20818	-2.80326	6.85734	-1.72958	-4.90286	0.115477	0.0965797	0.505875	0.571659
-2.85543	6.72441	-1.65546	-4.66369	-2.74651	6.86867	-2.88957	6.61214	-1.72295	-4.90566	0.115263	0.0966483	0.504868	0.570708
-2.94033	6.48827	-1.6787	-4.63031	-2.57673	6.36755	-2.97559	6.36681	-1.71797	-4.90774	0.115052	0.0967611	0.503855	0.569829
-2.97469	6.25403	-1.53656	-4.6199	-2.90217	6.22989	-3.0614	6.12139	-1.71464	-4.90911	0.114953	0.0969318	0.502969	0.568979
-3.05201	6.0268	-1.52063	-4.64847	-3.50172	6.10796	-3.14709	5.87592	-1.71297	-4.90976	0.11488	0.0972072	0.50211	0.56808
-3.16419	5.69678	-1.63128	-4.88783	-3.1778	5.53101	-3.23274	5.63043	-1.71295	-4.9097	0.114733	0.0971037	0.501135	0.566949
-3.25394	5.45289	-1.69109	-4.82273	-3.19736	5.19093	-3.31843	5.38496	-1.71458	-4.90893	0.114577	0.0970053	0.500142	0.565849
-3.38233	5.16684	-1.8188	-4.94573	-3.43031	5.10507	-3.40424	5.13955	-1.71787	-4.90745	0.114358	0.0968286	0.499193	0.564735
-3.46756	4.91429	-1.78183	-4.9891	-3.4281	4.94644	-3.49026	4.89422	-1.72281	-4.90525	0.114142	0.096646	0.498223	0.563646
-3.62018	4.60194	-1.96456	-5.16753	-3.69435	4.52196	-3.57657	4.64902	-1.72939	-4.90233	0.113951	0.0965013	0.497463	0.562785
-3.72457	4.33938	-2.01774	-5.13534	-3.50501	4.17643	-3.66325	4.40398	-1.73763	-4.89868	0.113792	0.0963972	0.496799	0.56188
-3.89479	4.05678	-2.2107	-5.2311	-4.00238	4.04684	-3.75039	4.15913	-1.74749	-4.8943	0.113927	0.0964211	0.496673	0.561179
-3.9957	3.79658	-2.12684	-5.28213	-4.06447	4.10977	-3.83806	3.91452	-1.75899	-4.88918	0.114129	0.0965138	0.496238	0.560624
-4.00747	3.63536	-1.86508	-4.97564	-3.88053	3.75177	-3.92635	3.67019	-1.77212	-4.8833	0.11402	0.0963516	0.495313	0.55957
-4.12022	3.39759	-1.93998	-4.93639	-4.23729	3.88878	-4.01533	3.42616	-1.78686	-4.87666	0.113986	0.0961824	0.494451	0.558506
-4.1898	3.18352	-1.86492	-4.83856	-4.15119	3.21968	-4.10509	3.18248	-1.8032	-4.86925	0.113889	0.095998	0.493517	0.557438
-4.29061	2.93926	-1.91191	-4.82858	-4.27467	2.88187	-4.19571	2.93919	-1.82113	-4.86104	0.113822	0.0958147	0.492606	0.556377
-4.37402	2.63871	-1.88055	-4.97792	-4.32451	2.55034	-4.28727	2.69633	-1.84065	-4.85202	0.113731	0.0956983	0.491675	0.555372
-4.46348	2.38617	-1.85486	-4.99354	-4.38481	2.39989	-4.37985	2.45393	-1.86173	-4.84218	0.113632	0.0956079	0.490743	0.554398
-4.57664	2.1143	-1.90823	-5.06229	-4.61223	2.09192	-4.47352	2.21205	-1.88436	-4.83149	0.113595	0.0956161	0.489819	0.553532
-4.68281	1.85091	-2.01698	-5.06069	-4.29257	1.92854	-4.56836	1.97072	-1.90853	-4.81994	0.113598	0.0957185	0.488942	0.552688
-4.81267	1.56646	-2.09064	-5.15841	-4.86829	1.53442	-4.66444	1.72998	-1.93422	-4.80751	0.113747	0.0960617	0.48812	0.55207
-4.92826	1.30571	-2.14926	-5.1621	-4.98165	1.43611	-4.76186	1.48989	-1.9614	-4.79417	0.113989	0.0965401	0.487343	0.551497
-4.91724	1.16413	-1.85582	-4.79772	-4.66779	1.28643	-4.86066	1.25049	-1.99007	-4.7799	0.113829	0.0965043	0.486505	0.550472
-5.0155	0.921318	-1.8903	-4.80385	-4.98594	1.10894	-4.96095	1.01182	-2.02019	-4.76468	0.113667	0.0964827	0.485668	0.549457
-5.03113	0.750145	-1.69596	-4.58777	-4.85498	0.825661	-5.06277	0.77393	-2.05174	-4.74848	0.113473	0.0963154	0.485253	0.548529
-5.12754	0.50982	-1.8228	-4.61259	-4.84736	0.18101	-5.16621	0.536876	-2.08471	-4.73127	0.113288	0.0961521	0.48462	0.547567
-5.18998	0.269332	-1.74792	-4.6334	-5.1231	0.257311	-5.27133	0.300706	-2.11906	-4.71303	0.113188	0.0959947	0.484253	0.546584
-5.30431	0.037604	-1.82207	-4.63877	-5.99809	-0.290765	-5.3782	0.0654719	-2.15477	-4.69374	0.113069	0.0958341	0.483786	0.545596
-5.36642	-0.203779	-1.74624	-4.66031	-5.29972	-0.212982	-5.4869	-0.168772	-2.1918	-4.67335	0.113097	0.095683	0.483653	0.544604
-5.47444	-0.443442	-1.86765	-4.68967	-5.64447	-0.144522	-5.59748	-0.401971	-2.23014	-4.65185	0.113135	0.0955421	0.483269	0.543621
-5.65924	-0.566244	-2.12285	-4.38674	-5.85359	-0.445801	-5.71001	-0.634069	-2.26974	-4.62919	0.112971	0.0954565	0.482476	0.542835
-5.77239	-0.794088	-2.25185	-4.43123	-5.30947	-0.724468	-5.82456	-0.865006	-2.31058	-4.60536	0.112812	0.0953796	0.48162	0.541958
-5.87586	-1.13092	-2.20715	-4.75204	-5.87835	-1.26863	-5.94118	-1.09472	-2.35262	-4.58032	0.112677	0.0952332	0.480835	0.541084
-5.9796	-1.36605	-2.20053	-4.74798	-5.68069	-1.52871	-6.05993	-1.32316	-2.39581	-4.55404	0.112578	0.0950975	0.480118	0.540241
-6.15	-1.55435	-2.36672	-4.61132	-6.27263	-1.50938	-6.18087	-1.55025	-2.44014	-4.52648	0.112393	0.0949285	0.479283	0.539302
-6.28596	-1.79576	-2.52344	-4.68023	-6.11355	-1.75966	-6.30406	-1.77593	-2.48555	-4.49762	0.112198	0.0947673	0.478438	0.538455
-6.38475	-2.08078	-2.44175	-4.82206	-6.34007	-2.13685	-6.42954	-2.00014	-2.532	-4.46742	0.112032	0.0947211	0.477622	0.537916
-6.51882	-2.32301	-2.45884	-4.81772	-6.99344	-2.17445	-6.55738	-2.22281	-2.57946	-4.43585	0.111858	0.094741	0.476834	0.537446
-6.69611	-2.50417	-2.61369	-4.64923	-6.79288	-2.4458	-6.68761	-2.44386	-2.62788	-4.40288	0.111662	0.0946421	0.475997	0.536701
-6.83929	-2.74027	-2.65905	-4.66377	-7.14408	-2.67584	-6.82029	-2.66323	-2.6772	-4.36847	0.111473	0.0945862	0.475166	0.536046
-6.90941	-3.03863	-2.48049	-4.84904	-6.8003	-3.10086	-6.95546	-2.88084	-2.7274	-4.3326	0.111311	0.0948795	0.474561	0.535979
-7.03265	-3.27705	-2.4587	-4.82654	-7.13937	-3.22028	-7.09316	-3.09663	-2.7784	-4.29523	0.111175	0.0953095	0.474111	0.535963
-7.15883	-3.40994	-2.49065	-4.53563	-7.12118	-3.26434	-7.23344	-3.3105	-2.83017	-4.25632	0.111069	0.0953241	0.473711	0.535287
-7.30909	-3.64884	-2.57768	-4.57573	-7.77186	-4.08999	-7.37632	-3.5224	-2.88265	-4.21586	0.110948	0.0954488	0.473232	0.534781
-7.47878	-3.70761	-2.72149	-4.11484	-7.49009	-3.49081	-7.52184	-3.73223	-2.93579	-4.1738	0.110786	0.0952956	0.472586	0.533873
-7.62388	-3.91765	-2.80017	-4.15819	-7.52393	-3.88213	-7.67004	-3.93992	-2.98953	-4.13012	0.110629	0.0951412	0.471906	0.53296
-7.7926	-4.19243	-2.86267	-4.32969	-7.88049	-4.29783	-7.82094	-4.14538	-3.04381	-4.08479	0.110453	0.0950185	0.471219	0.532242
-7.94451	-4.41214	-2.89143	-4.34013	-8.08524	-4.57834	-7.97457	-4.34854	-3.09857	-4.03778	0.110278	0.0949292	0.470572	0.531629
-8.1246	-4.69283	-2.97304	-4.50014	-8.22492	-4.79812	-8.13095	-4.5493	-3.15376	-3.98906	0.110092	0.0951359	0.469891	0.531561
-8.26299	-4.90668	-2.86471	-4.41454	-8.453	-4.95621	-8.2901	-4.74759	-3.2093	-3.93862	0.109917	0.0954241	0.469524	0.531382
-8.38335	-5.12284	-2.80468	-4.40825	-8.33552	-5.1059	-8.45204	-4.94331	-3.26514	-3.88641	0.109804	0.0958313	0.469494	0.531351
-8.5077	-5.32892	-2.71946	-4.34092	-8.55062	-4.79248	-8.61678	-5.13637	-3.32121	-3.83242	0.109802	0.0963184	0.47	0.531276
-8.73941	-5.51609	-2.98137	-4.23773	-8.91477	-5.51752	-8.78433	-5.32669	-3.37745	-3.77663	0.109649	0.096779	0.469772	0.531056
-8.88938	-5.72616	-2.9676	-4.22009	-9.04115	-5.69364	-8.95469	-5.51417	-3.43377	-3.71901	0.109531	0.0973898	0.46976	0.530959
-9.0454	-5.88089	-2.999	-4.07148	-9.03391	-5.80267	-9.12788	-5.69872	-3.49012	-3.65955	0.109452	0.0977932	0.469833	0.530608
-9.16989	-6.06377	-2.8982	-3.99624	-8.86897	-5.41973	-9.30388	-5.88026	-3.54643	-3.59823	0.109543	0.0982005	0.470535	0.530224
-9.34209	-6.07973	-3.00643	-3.51107	-9.30811	-5.82368	-9.4827	-6.05868	-3.60261	-3.53503	0.10966	0.0980458	0.471005	0.52935
-9.5122	-6.26727	-3.09771	-3.56759	-9.80646	-6.41174	-9.66432	-6.23389	-3.6586	-3.46994	0.109826	0.0979031	0.471329	0.528508
-9.64482	-6.49617	-3.02881	-3.70527	-9.62547	-6.55958	-9.84874	-6.4058	-3.71431	-3.40295	0.110266	0.0978794	0.47219	0.527925
-9.82829	-6.70324	-3.18097	-3.80847	-10.6688	-6.35543	-10.0359	-6.57431	-3.76969	-3.33404	0.110724	0.0979969	0.472617	0.527759
-10.0747	-6.85267	-3.42291	-3.67661	-10.2246	-6.83402	-10.2259	-6.73933	-3.82463	-3.26321	0.110879	0.0980508	0.472404	0.527427
-10.2456	-7.03452	-3.44656	-3.69061	-10.2205	-6.71044	-10.4186	-6.90075	-3.87907	-3.19046	0.111137	0.0981878	0.47228	0.52734
-10.534	-7.22599	-3.75665	-3.67398	-10.7616	-7.29159	-10.614	-7.05849	-3.93293	-3.11577	0.11105	0.0984908	0.471621	0.527443
-10.7149	-7.40276	-3.72671	-3.64795	-10.8944	-6.83335	-10.8121	-7.21245	-3.98613	-3.03916	0.111009	0.0989241	0.471091	0.527726
-11.0152	-7.55694	-4.03772	-3.54046	-11.2219	-7.56979	-11.0128	-7.36252	-4.03859	-2.96062	0.11083	0.0993784	0.470333	0.527902
-11.1932	-7.71509	-3.91596	-3.44992	-10.986	-7.3707	-11.2161	-7.50862	-4.09021	-2.88015	0.11066	0.0999052	0.469682	0.528041
-11.2992	-7.81999	-3.68679	-3.30248	-11.0934	-7.6776	-11.422	-7.65064	-4.14093	-2.79777	0.110701	0.100204	0.469633	0.527968
-11.474	-7.97626	-3.66222	-3.28196	-11.4213	-7.46085	-11.6304	-7.78849	-4.19066	-2.71349	0.110876	0.100604	0.469832	0.528102
-11.6329	-8.01611	-3.61864	-2.96813	-11.5269	-7.8215	-11.8413	-7.92208	-4.23932	-2.6273	0.111321	0.100583	0.470388	0.527613
-11.8079	-8.15859	-3.57925	-2.93494	-11.9422	-7.88317	-12.0546	-8.05131	-4.28682	-2.53924	0.112007	0.100605	0.471326	0.527247
-12.0379	-8.20768	-3.73272	-2.66639	-12.09	-8.08828	-12.2702	-8.17609	-4.33309	-2.44932	0.112588	0.100462	0.471789	0.526556
-12.2475	-8.35483	-3.89472	-2.7762	-12.4462	-8.02117	-12.4881	-8.29633	-4.37802	-2.35756	0.113218	0.100358	0.471826	0.526252
-12.4513	-8.39712	-3.93512	-2.52329	-12.4231	-8.2599	-12.7082	-8.41193	-4.42156	-2.26399	0.113952	0.100204	0.471872	0.525627
-12.6394	-8.51587	-3.88341	-2.48344	-12.7461	-8.19449	-12.9304	-8.5228	-4.4636	-2.16863	0.114931	0.100048	0.472249	0.5251
-12.9934	-8.61177	-4.31586	-2.35986	-13.2911	-8.64594	-13.1547	-8.62886	-4.50407	-2.07151	0.115105	0.0998964	0.47163	0.524528
-13.2237	-8.73828	-4.36868	-2.38896	-13.7929	-8.47158	-13.381	-8.73002	-4.54289	-1.97267	0.11526	0.0997422	0.470997	0.524227
-13.4407	-8.74303	-4.38298	-2.09115	-13.384	-8.57583	-13.6092	-8.82619	-4.57997	-1.87214	0.115462	0.0996951	0.470395	0.523556
-13.6337	-8.82944	-4.23829	-1.99393	-13.6376	-8.26344	-13.8392	-8.91729	-4.61524	-1.76997	0.115848	0.0996607	0.470136	0.522896
-13.8936	-8.946	-4.36381	-2.02274	-13.9959	-8.99264	-14.0709	-9.00324	-4.64861	-1.6662	0.116087	0.0995579	0.469677	0.522465
-14.1294	-9.05683	-4.46329	-2.08246	-14.4737	-8.79552	-14.3043	-9.08395	-4.68001	-1.56086	0.116313	0.0994164	0.46911	0.522462
-14.3766	-9.16727	-4.52672	-2.09135	-14.4273	-9.1875	-14.5391	-9.15936	-4.70936	-1.45402	0.116482	0.0992653	0.468501	0.522852
-14.5921	-9.26396	-4.44457	-2.03439	-14.5757	-9.32634	-14.7754	-9.22939	-4.73658	-1.34573	0.116744	0.0991322	0.468064	0.523438
-14.9209	-9.21313	-4.75219	-1.60248	-15.062	-9.04396	-15.013	-9.29397	-4.76161	-1.23603	0.116677	0.0990817	0.467353	0.523032
-15.1697	-9.30015	-4.74549	-1.59181	-15.6189	-9.69365	-15.2517	-9.35302	-4.78436	-1.125	0.116588	0.0989743	0.466649	0.522871
-15.4846	-9.44274	-4.9429	-1.73243	-15.6682	-9.56749	-15.4916	-9.40649	-4.80476	-1.01269	0.116412	0.0988448	0.466005	0.523577
-15.7068	-9.51442	-4.7483	-1.60994	-15.9382	-9.35751	-15.7324	-9.45431	-4.82275	-0.899159	0.116245	0.0987509	0.465321	0.524241
-15.9926	-9.58722	-4.87821	-1.57462	-16.0862	-9.59819	-15.9741	-9.49642	-4.83827	-0.784484	0.116075	0.098728	0.464627	0.525241
-16.214	-9.65202	-4.72466	-1.47942	-16.6033	-8.85459	-16.2164	-9.53277	-4.85124	-0.668734	0.115901	0.0987958	0.463982	0.526327
-16.4634	-9.57562	-4.78158	-1.08026	-16.4229	-9.37029	-16.4594	-9.5633	-4.8616	-0.55198	0.115728	0.0986505	0.46331	0.526333
-16.6663	-9.60734	-4.62649	-0.991495	-16.011	-9.33486	-16.7027	-9.58797	-4.8693	-0.434301	0.115573	0.0985093	0.46281	0.526427
-16.985	-9.54624	-4.87392	-0.672926	-17.1132	-9.43043	-16.9464	-9.60673	-4.87427	-0.315773	0.115421	0.0984182	0.462123	0.526006
-17.2407	-9.58603	-4.90076	-0.682864	-16.9255	-10.8571	-17.1903	-9.61954	-4.87646	-0.196479	0.115282	0.0982894	0.46144	0.525893
-17.5085	-9.59701	-4.96406	-0.614696	-17.5448	-9.57485	-17.4342	-9.62636	-4.87583	-0.0765024	0.115183	0.0981573	0.460784	0.525929
-17.7473	-9.62285	-4.86185	-0.555931	-18.1371	-9.39146	-17.6781	-9.62717	-4.87232	0.0440703	0.115075	0.0980131	0.460106	0.526163
-17.9981	-9.55327	-4.89527	-0.295564	-17.9724	-9.42299	-17.9216	-9.62194	-4.86588	0.165151	0.11498	0.0979399	0.459434	0.525983
-18.2231	-9.55751	-4.76888	-0.227826	-18.3083	-9.18778	-18.1648	-9.61064	-4.85648	0.286648	0.114855	0.0978388	0.458786	0.525949
-18.3972	-9.59775	-4.59529	-0.323704	-18.2763	-9.60997	-18.4074	-9.59325	-4.84408	0.40847	0.114689	0.0976964	0.458314	0.526668
-18.6193	-9.60808	-4.5898	-0.318665	-18.2443	-9.58547	-18.6493	-9.56977	-4.82864	0.530522	0.114534	0.0975762	0.457828	0.527891
-18.8903	-9.57055	-4.70628	-0.16413	-18.9545	-9.51544	-18.8904	-9.54017	-4.81012	0.652707	0.114368	0.0974484	0.457199	0.528957
-19.1045	-9.56621	-4.64489	-0.132605	-18.6983	-9.02886	-19.1305	-9.50447	-4.78851	0.774927	0.114211	0.097364	0.456603	0.53044
-19.3514	-9.36804	-4.70918	0.417581	-19.2983	-9.09865	-19.3694	-9.46265	-4.76378	0.897083	0.11405	0.0973562	0.455954	0.530301
-19.5683	-9.33816	-4.59331	0.473742	-19.7037	-8.79906	-19.6069	-9.41472	-4.73591	1.01907	0.113905	0.0973028	0.455362	0.530344
-19.8425	-9.15669	-4.72907	0.908565	-19.8731	-8.96417	-19.8431	-9.36071	-4.70487	1.1408	0.113742	0.0977751	0.454711	0.52973
-20.062	-9.10277	-4.64643	0.946994	-20.3815	-7.6755	-20.0775	-9.30061	-4.67066	1.26215	0.113582	0.0982063	0.454063	0.529241
-20.221	-9.30104	-4.42695	0.266933	-20.1607	-9.59663	-20.3102	-9.23446	-4.63328	1.38303	0.11352	0.0981307	0.45355	0.531833
-20.4447	-9.28813	-4.4108	0.27812	-20.4587	-9.7448	-20.5409	-9.16227	-4.59271	1.50334	0.113475	0.0982206	0.453009	0.535077
-20.6827	-9.11612	-4.47474	0.707645	-20.6596	-8.91527	-20.7696	-9.08409	-4.54895	1.62296	0.113408	0.0980962	0.452384	0.536535
-20.9072	-9.08113	-4.4212	0.734523	-21.5568	-8.5005	-20.9959	-8.99994	-4.50202	1.74179	0.113346	0.0980525	0.451765	0.538445
-21.1031	-8.96444	-4.36426	0.942934	-21.0195	-8.85081	-21.2198	-8.90987	-4.45191	1.85972	0.113356	0.0979572	0.451152	0.539883
-21.3221	-8.91779	-4.30826	0.969783	-21.8628	-8.64129	-21.4412	-8.81393	-4.39865	1.97666	0.113372	0.0979742	0.450543	0.541759
-21.5262	-8.87224	-4.27826	0.958832	-21.5029	-8.87191	-21.6597	-8.71217	-4.34224	2.0925	0.113434	0.098203	0.449925	0.544317
-21.701	-8.80878	-4.04079	1.05453	-21.9514	-7.41274	-21.8754	-8.60465	-4.2827	2.20712	0.11365	0.0986574	0.449478	0.546959
-21.9369	-8.6698	-4.13826	1.29657	-21.9793	-8.57089	-22.0881	-8.49143	-4.22007	2.32043	0.113771	0.0989687	0.448872	0.548863
-22.1328	-8.59932	-4.0981	1.31443	-22.1914	-7.70392	-22.2975	-8.37258	-4.15437	2.43232	0.113944	0.099551	0.448258	0.551258
-22.4255	-8.44096	-4.33614	1.58779	-22.5838	-8.35296	-22.5035	-8.24817	-4.08564	2.5427	0.11386	0.0999295	0.447831	0.552783
-22.6126	-8.35105	-4.1574	1.65243	-22.3177	-8.57758	-22.7061	-8.11829	-4.01391	2.65145	0.113809	0.100538	0.447275	0.554511
-22.9013	-7.99365	-4.39349	2.41908	-22.9861	-7.6724	-22.9049	-7.98301	-3.93923	2.75848	0.113652	0.100401	0.447295	0.554033
-23.0926	-7.86606	-4.14565	2.4983	-23.2693	-8.32031	-23.1	-7.84243	-3.86163	2.8637	0.113497	0.100271	0.446928	0.553603
-23.3641	-7.65438	-4.31923	2.75012	-23.4777	-7.56583	-23.2911	-7.69663	-3.78118	2.967	0.113406	0.100158	0.447203	0.552961
-23.5601	-7.51036	-4.21422	2.78299	-23.473	-7.02103	-23.4781	-7.54572	-3.69792	3.06828	0.113332	0.100038	0.447406	0.552406
-23.6987	-7.37606	-4.02742	2.7535	-23.5408	-7.36069	-23.6609	-7.3898	-3.61191	3.16746	0.113194	0.0999044	0.447323	0.552076
-23.8832	-7.23346	-3.91133	2.78843	-24.0505	-6.56968	-23.8393	-7.22897	-3.52321	3.26445	0.113064	0.0997688	0.447172	0.551883
-24.0281	-7.1756	-3.77472	2.55376	-23.9384	-7.26171	-24.0132	-7.06336	-3.43189	3.35916	0.112913	0.0998047	0.446922	0.552728
-24.188	-7.03999	-3.59021	2.60617	-24.3577	-5.94086	-24.1825	-6.89307	-3.33801	3.45149	0.112761	0.099962	0.446511	0.553727
-24.351	-6.69821	-3.56244	3.18335	-24.2574	-6.4352	-24.347	-6.71823	-3.24166	3.54138	0.112609	0.0998326	0.446219	0.553292
-24.5168	-6.53751	-3.40633	3.22276	-24.788	-7.18367	-24.5066	-6.53896	-3.14289	3.62873	0.112459	0.0996983	0.445828	0.552949
-24.5648	-6.41818	-3.08831	3.0832	-24.3008	-6.43799	-24.6612	-6.35538	-3.0418	3.71347	0.112419	0.0996177	0.445237	0.553171
-24.7007	-6.25902	-2.98127	3.1107	-24.6108	-6.00878	-24.8107	-6.16764	-2.93846	3.79553	0.112412	0.0995966	0.444647	0.553564
-24.9477	-6.00927	-3.23905	3.38922	-25.146	-5.91902	-24.955	-5.97587	-2.83295	3.87484	0.112263	0.0994786	0.444548	0.553394
-25.0753	-5.83229	-3.05276	3.42968	-24.8975	-5.02285	-25.094	-5.7802	-2.72537	3.95132	0.112118	0.0993826	0.444278	0.553312
-25.218	-5.65404	-3.02758	3.44657	-25.1941	-5.64372	-25.2276	-5.58079	-2.61581	4.02492	0.11197	0.0993223	0.444195	0.55338
-25.3627	-5.48023	-2.95394	3.46337	-25.5328	-5.4399	-25.3556	-5.37777	-2.50435	4.09557	0.111822	0.0993308	0.444209	0.553604
-25.535	-5.21136	-3.02166	3.73238	-25.5713	-5.10241	-25.4779	-5.1713	-2.39109	4.16322	0.111713	0.099221	0.444804	0.553315
-25.6635	-5.02019	-2.90893	3.75354	-25.0178	-6.55904	-25.5946	-4.96152	-2.27613	4.22781	0.111622	0.099136	0.445403	0.553122
-25.7723	-4.86655	-2.81356	3.65337	-25.6952	-4.89995	-25.7055	-4.7486	-2.15956	4.2893	0.111528	0.0991901	0.446078	0.553356
-25.8896	-4.67998	-2.66808	3.6782	-25.8162	-4.40681	-25.8105	-4.53268	-2.04149	4.34764	0.111455	0.0993464	0.446645	0.553692
-26.0067	-4.39204	-2.62986	3.9645	-25.9516	-4.26659	-25.9096	-4.31392	-1.92202	4.40279	0.11142	0.0992969	0.447526	0.553422
-26.1208	-4.19448	-2.37695	3.99781	-26.8953	-4.43966	-26.0027	-4.0925	-1.80125	4.45471	0.111438	0.099304	0.447907	0.553192
-26.2101	-3.85066	-2.30479	4.39376	-26.1198	-3.67723	-26.0897	-3.86856	-1.67928	4.50337	0.111462	0.0991791	0.44846	0.552501
-26.292	-3.62968	-2.02141	4.42359	-26.5652	-3.85723	-26.1706	-3.64227	-1.55623	4.54875	0.111489	0.0990527	0.448504	0.551822
-26.2759	-3.34131	-1.72269	4.59616	-25.9974	-3.24722	-26.2453	-3.41381	-1.4322	4.59081	0.111356	0.0989932	0.448167	0.551109
-26.3307	-3.10941	-1.50936	4.61585	-26.2976	-3.01078	-26.3138	-3.18332	-1.30729	4.62954	0.111216	0.0989367	0.447707	0.550398
-26.3359	-2.88238	-1.32955	4.59763	-26.1741	-2.87885	-26.376	-2.95098	-1.18162	4.66493	0.111091	0.0988707	0.447194	0.549701
-26.3918	-2.65176	-1.22722	4.60696	-26.4681	-3.44967	-26.4319	-2.71697	-1.05529	4.69696	0.110967	0.098799	0.446705	0.549015
-26.5158	-2.56562	-1.38708	4.21089	-26.674	-2.73852	-26.4815	-2.48143	-0.928411	4.72562	0.110839	0.0987644	0.446736	0.54893
-26.566	-2.35378	-1.24508	4.22189	-26.657	-1.72382	-26.5247	-2.24456	-0.80109	4.75091	0.110717	0.0987925	0.446729	0.54888
-26.6403	-2.15647	-1.27577	4.18451	-26.6691	-2.17333	-26.5616	-2.0065	-0.673434	4.77284	0.110647	0.0989563	0.447194	0.548984
-26.6688	-1.945	-1.09056	4.1955	-26.3248	-1.32261	-26.5921	-1.76744	-0.545553	4.79141	0.110574	0.0992347	0.447469	0.549108
-26.6479	-1.6431	-0.897338	4.44671	-26.4671	-1.53207	-26.6161	-1.52753	-0.417552	4.80664	0.110446	0.0992794	0.447554	0.548712
-26.6526	-1.42066	-0.630927	4.4534	-26.4998	-2.19526	-26.6338	-1.28695	-0.289538	4.81852	0.11031	0.0993814	0.447318	0.548325
-26.659	-1.17285	-0.566601	4.52196	-26.5998	-1.14277	-26.6451	-1.04586	-0.161616	4.8271	0.110174	0.0994605	0.447216	0.547849
-26.6838	-0.947615	-0.449867	4.5232	-27.2008	-1.67679	-26.65	-0.804425	-0.0338883	4.83238	0.110048	0.0995945	0.44714	0.547379
-26.7155	-0.662741	-0.472408	4.68776	-26.7355	-0.59539	-26.6485	-0.562811	0.0935412	4.83439	0.109961	0.0995953	0.447478	0.546742
-26.7081	-0.430802	-0.208136	4.68189	-26.9891	0.0351487	-26.6406	-0.321181	0.220572	4.83317	0.109876	0.0996216	0.447432	0.546111
-26.6395	-0.0774319	-0.00320244	5.01208	-26.4553	0.0602653	-26.6264	-0.0796947	0.347104	4.82874	0.109741	0.0994974	0.447216	0.545506
-26.6205	0.167734	0.187228	4.99411	-26.9537	0.136943	-26.6059	0.161489	0.473041	4.82116	0.109606	0.0993741	0.446887	0.544896
-26.6135	0.491075	0.183977	5.19998	-26.6201	0.57588	-26.5792	0.402213	0.598287	4.81045	0.109484	0.0993494	0.446809	0.544565
-26.5926	0.74622	0.303931	5.18245	-26.8241	0.381506	-26.5462	0.642323	0.722748	4.79667	0.109372	0.0993609	0.446742	0.544229
-26.6228	1.03025	0.188993	5.25254	-26.7293	1.06082	-26.5069	0.881666	0.846334	4.77986	0.109389	0.0995124	0.447384	0.544064
-26.5774	1.28715	0.356708	5.23152	-25.9562	2.60409	-26.4616	1.12009	0.968955	4.76007	0.109405	0.099735	0.447864	0.543897
-26.5122	1.49137	0.474713	5.07147	-26.3986	1.42212	-26.4101	1.35745	1.09053	4.73737	0.109388	0.0998334	0.448354	0.543481
-26.4669	1.73889	0.625828	5.04658	-26.5072	-0.563928	-26.3526	1.59361	1.21096	4.71181	0.1094	0.09997	0.44874	0.543067
-26.4149	1.90021	0.673255	4.79281	-26.3594	1.79315	-26.2891	1.82841	1.33018	4.68345	0.109443	0.0999108	0.449367	0.54243
-26.3496	2.13193	0.894009	4.75713	-26.3475	1.82827	-26.2197	2.06173	1.44811	4.65235	0.109498	0.0998491	0.449652	0.541793
-26.291	2.2848	0.924274	4.52035	-26.2502	2.18481	-26.1444	2.29342	1.56467	4.61859	0.109603	0.0997285	0.450214	0.541155
-26.2243	2.5051	1.04062	4.49736	-26.069	2.27896	-26.0633	2.52336	1.67979	4.58223	0.109757	0.0996115	0.450769	0.540514
-26.1383	2.76741	1.13009	4.603	-26.0641	2.80701	-25.9765	2.75141	1.79339	4.54334	0.109913	0.0994939	0.451404	0.539867
-26.0516	2.98775	1.39066	4.55105	-26.3234	3.02388	-25.8841	2.97746	1.90543	4.502	0.110089	0.099375	0.451568	0.53922
-25.9335	3.31278	1.52214	4.82496	-25.8345	3.42005	-25.7861	3.20139	2.01582	4.45828	0.110194	0.0994057	0.451674	0.538871
-25.8471	3.54767	1.65578	4.7897	-26.1824	3.73376	-25.6826	3.42306	2.12452	4.41227	0.110356	0.0994739	0.451716	0.538541
-25.7378	3.71904	1.71799	4.60185	-25.6666	3.63509	-25.5737	3.64239	2.23146	4.36404	0.110517	0.0994254	0.451874	0.538021
-25.6221	3.93944	1.90554	4.55612	-25.5773	3.13316	-25.4596	3.85924	2.3366	4.31367	0.11067	0.0993839	0.451825	0.537508
-25.5987	4.08465	1.71384	4.32123	-25.7492	3.99968	-25.3402	4.07353	2.43989	4.26125	0.111257	0.0992667	0.452678	0.536874
-25.4776	4.28953	1.93288	4.26681	-25.3516	3.75691	-25.2157	4.28514	2.54127	4.20686	0.111857	0.0991487	0.453112	0.536242
-25.2703	4.52388	2.21887	4.33454	-25.0214	4.52803	-25.0863	4.49399	2.64071	4.15058	0.112083	0.0990416	0.45304	0.53568
-25.1183	4.72904	2.36241	4.29732	-24.2719	4.30917	-24.9518	4.69998	2.73817	4.09251	0.112243	0.0989343	0.452873	0.535138
-25.013	4.91582	2.32683	4.21824	-25.0363	4.88499	-24.8126	4.90303	2.83361	4.03273	0.112533	0.0988192	0.453008	0.534581
-24.8582	5.11401	2.51643	4.16418	-24.3609	4.95947	-24.6686	5.10304	2.92701	3.97132	0.112777	0.0987041	0.452912	0.534032
-24.6611	5.34335	2.702	4.23035	-24.5041	5.35293	-24.5201	5.29995	3.01833	3.90839	0.112851	0.0986104	0.452639	0.533632
-24.4922	5.54127	2.92609	4.15907	-24.4379	5.24592	-24.367	5.49367	3.10754	3.84401	0.112882	0.0985215	0.452193	0.533224
-24.2794	5.69398	3.09153	4.01451	-24.1159	5.61152	-24.2095	5.68414	3.19464	3.77827	0.112801	0.0984073	0.451691	0.532722
-24.1094	5.88583	3.23757	3.96058	-24.5638	4.75836	-24.0477	5.8713	3.27959	3.71127	0.112708	0.0982947	0.451168	0.532236
-23.9425	6.02116	3.24321	3.78845	-23.9153	5.94377	-23.8818	6.05508	3.36239	3.64309	0.112615	0.0981938	0.450678	0.531661
-23.7839	6.20969	3.19291	3.79806	-23.5491	6.44495	-23.7117	6.23542	3.44302	3.57383	0.112538	0.0980874	0.450315	0.531153
-23.6355	6.34938	3.15788	3.65834	-23.6471	6.29102	-23.5377	6.41227	3.52148	3.50357	0.112506	0.0980203	0.450134	0.530589
-23.4781	6.52897	3.20061	3.63424	-23.7544	6.53746	-23.3598	6.58559	3.59775	3.4324	0.11252	0.0979447	0.450018	0.530063
-23.2155	6.79147	3.47592	3.87146	-23.0099	6.86182	-23.1781	6.75533	3.67185	3.36041	0.112404	0.097847	0.449597	0.53002
-23.0115	6.97128	3.60693	3.81878	-22.7862	5.74143	-22.9928	6.92146	3.74376	3.28768	0.112278	0.0977634	0.449126	0.530023
-22.7937	7.12298	3.69867	3.71741	-22.6991	7.063	-22.804	7.08393	3.8135	3.21431	0.11215	0.0976689	0.448644	0.529962
-22.5772	7.29312	3.87765	3.64148	-22.418	6.76159	-22.6117	7.24273	3.88106	3.14038	0.112033	0.0975867	0.448129	0.529898
-22.4301	7.39766	3.74559	3.42175	-22.5083	7.31524	-22.4161	7.39782	3.94647	3.06598	0.111907	0.097475	0.447719	0.529565
-22.2042	7.54866	4.01889	3.30274	-22.0543	7.85452	-22.2173	7.54917	4.00974	2.99118	0.111781	0.0973637	0.447208	0.529169
-22.0651	7.69637	3.85558	3.24406	-22.1947	7.69478	-22.0154	7.69679	4.07087	2.91607	0.111679	0.0972527	0.446816	0.528798
-21.873	7.85557	3.88472	3.22227	-21.6178	9.0351	-21.8105	7.84064	4.12989	2.84074	0.111592	0.0971447	0.446461	0.52851
-21.6724	7.98394	3.89657	3.13452	-21.6473	7.94	-21.6026	7.98072	4.18681	2.76526	0.111515	0.0970347	0.446169	0.528203
-21.4716	8.13406	3.98333	3.08524	-21.8637	7.78661	-21.392	8.11703	4.24166	2.68971	0.111453	0.0969282	0.445833	0.527941
-21.235	8.09469	4.05187	2.56792	-21.0853	7.83229	-21.1787	8.24957	4.29447	2.61417	0.111359	0.097098	0.445479	0.527349
-21.0404	8.22436	3.99161	2.5878	-20.5503	9.28616	-20.9628	8.37833	4.34526	2.53871	0.111294	0.0972634	0.445294	0.52676
-20.9011	8.41217	3.84315	2.7335	-21.0519	8.50983	-20.7444	8.50333	4.39406	2.46341	0.111417	0.0972501	0.445559	0.526324
-20.6676	8.52529	4.09325	2.6074	-19.9265	9.40847	-20.5237	8.62457	4.4409	2.38835	0.111501	0.0972547	0.445363	0.525835
-20.379	8.68388	4.31745	2.7015	-20.21	8.68914	-20.3006	8.74206	4.48582	2.31358	0.111437	0.0971848	0.444936	0.525567
-20.1685	8.81884	4.29353	2.70487	-20.2277	8.8532	-20.0753	8.85583	4.52884	2.23919	0.1114	0.0970921	0.444578	0.525441
-19.9944	8.90984	4.17988	2.57694	-20.0633	8.86724	-19.848	8.96589	4.57001	2.16524	0.11149	0.0970199	0.444465	0.525215
-19.7848	9.03534	4.19211	2.56179	-19.9264	8.78179	-19.6186	9.07227	4.60937	2.09179	0.111641	0.0969277	0.444406	0.525099
-19.557	9.08222	4.22664	2.34844	-19.4861	8.96665	-19.3873	9.17499	4.64694	2.01891	0.111803	0.0969187	0.444354	0.524746
-19.323	9.18389	4.36285	2.26701	-18.5719	10.2069	-19.1542	9.27409	4.68278	1.94666	0.111962	0.0969044	0.444117	0.524382
-18.9698	9.27596	4.7152	2.24225	-18.6786	9.19191	-18.9193	9.36959	4.71692	1.8751	0.111863	0.0968972	0.443627	0.524087
-18.7392	9.38719	4.73122	2.22071	-19.2825	8.98189	-18.6827	9.46154	4.7494	1.80429	0.111771	0.0968533	0.443139	0.523874
-18.4782	9.49	4.79429	2.20479	-18.4242	9.46852	-18.4446	9.54996	4.78028	1.73429	0.111659	0.0967877	0.442652	0.523762
-18.2015	9.57358	5.00429	2.0705	-18.1634	8.72444	-18.2049	9.63492	4.80959	1.66514	0.111537	0.0967242	0.44226	0.523532
-17.8887	9.70854	5.17583	2.16954	-17.7736	9.72478	-17.9639	9.71643	4.83737	1.59691	0.111471	0.096619	0.44206	0.523645
-17.6285	9.81384	5.15003	2.18033	-17.2296	9.97767	-17.7214	9.79457	4.86368	1.52964	0.111433	0.0965177	0.44178	0.523956
-17.3643	9.90667	5.16477	2.13935	-17.3436	9.88109	-17.4777	9.86936	4.88856	1.46338	0.111438	0.0964282	0.441486	0.524335
-17.1027	10.0072	5.21785	2.0916	-17.1554	10.212	-17.2328	9.94087	4.91205	1.39818	0.111482	0.0963729	0.441237	0.524761
-16.8554	10.123	5.18395	2.1175	-16.8876	10.145	-16.9868	10.0091	4.93421	1.33408	0.111529	0.0964141	0.440911	0.52546
-16.5851	10.2168	5.26386	2.05039	-16.5958	10.1078	-16.7396	10.0743	4.95507	1.27113	0.11164	0.0965379	0.440668	0.526142
-16.3894	10.3023	5.08009	1.98777	-16.5153	10.3091	-16.4915	10.1362	4.97469	1.20937	0.11162	0.0967418	0.440219	0.526817
-16.123	10.3877	5.18983	1.89415	-16.09	10.5824	-16.2424	10.1952	4.99311	1.14883	0.111637	0.0970497	0.439839	0.527385
-15.9331	10.3476	4.97677	1.52476	-16.006	10.1843	-15.9924	10.2511	5.01039	1.08956	0.111551	0.0970486	0.439369	0.527204
-15.6796	10.4164	5.02235	1.47958	-15.7234	10.41	-15.7416	10.3041	5.02655	1.03159	0.111468	0.0970838	0.438897	0.527047
-15.4984	10.3554	4.808	1.11029	-15.5699	10.1904	-15.4899	10.3543	5.04166	0.974957	0.11135	0.0969798	0.438561	0.52652
-15.2183	10.3762	5.03419	0.930177	-14.2385	10.9109	-15.2376	10.4016	5.05576	0.919692	0.111234	0.0968833	0.438093	0.525957
-14.9526	10.4454	5.07621	0.992649	-14.9365	10.4722	-14.9846	10.4462	5.06889	0.865828	0.111125	0.0967799	0.437626	0.525429
-14.6941	10.489	5.04985	1.00985	-14.724	9.63507	-14.7309	10.4882	5.0811	0.813394	0.11102	0.0966769	0.437162	0.524948
-14.4519	10.4103	4.99666	0.674376	-14.4088	10.222	-14.4766	10.5276	5.09243	0.762418	0.110908	0.0967253	0.43672	0.524406
-14.1932	10.4331	5.04254	0.627717	-13.9005	10.5238	-14.2218	10.5645	5.10293	0.712926	0.110798	0.0968118	0.436266	0.523865
-13.8594	10.6691	5.30367	1.1764	-13.8049	10.9383	-13.9665	10.5989	5.11263	0.664944	0.110791	0.0967632	0.435893	0.523839
-13.5959	10.7264	5.28107	1.18847	-13.3956	10.7857	-13.7107	10.631	5.12159	0.618496	0.110799	0.0967605	0.435495	0.52394
-13.3569	10.6886	5.19316	0.933718	-13.3556	10.5517	-13.4545	10.6608	5.12983	0.573603	0.110773	0.096667	0.435046	0.523649
-13.0885	10.7225	5.25772	0.861685	-12.9374	10.8137	-13.1979	10.6884	5.13741	0.530288	0.110771	0.0965781	0.434624	0.523319
-12.857	10.855	5.19057	1.07891	-12.9591	11.0099	-12.9409	10.7138	5.14436	0.48857	0.110721	0.0966933	0.434173	0.523469
-12.5923	10.8993	5.23435	1.02339	-12.2518	11.2495	-12.6836	10.7373	5.15071	0.448467	0.110684	0.096876	0.433736	0.523582
-12.3699	10.8107	5.09759	0.660188	-12.3713	10.6091	-12.426	10.7587	5.15651	0.409997	0.110598	0.0968039	0.433291	0.52316
-12.1145	10.8395	5.09786	0.649792	-11.9352	10.9161	-12.1681	10.7783	5.16179	0.373177	0.11051	0.0967434	0.432849	0.522767
-11.8786	10.9374	5.05951	0.80807	-11.9451	11.0515	-11.91	10.7961	5.16658	0.338022	0.110404	0.0968572	0.432427	0.522663
-11.6073	10.9538	5.14489	0.708714	-10.9703	10.9676	-11.6516	10.8121	5.17092	0.304546	0.110308	0.0969717	0.431979	0.522445
-11.3929	10.9626	5.02156	0.629834	-11.4548	10.9407	-11.393	10.8265	5.17484	0.272761	0.110194	0.0970688	0.431588	0.522157
-11.1082	10.9472	5.26996	0.330622	-11.3472	10.5111	-11.1342	10.8394	5.17836	0.242681	0.110086	0.097092	0.431162	0.521632
-10.7723	10.8709	5.45016	0.121768	-10.6009	10.6823	-10.8753	10.8509	5.18153	0.214317	0.110072	0.0969961	0.43089	0.521111
-10.5031	10.8761	5.44497	0.113616	-10.6563	10.8369	-10.6161	10.8609	5.18435	0.187679	0.110078	0.0968987	0.430609	0.520586
-10.3015	10.866	5.24591	0.0543122	-10.4142	10.8747	-10.3569	10.8697	5.18687	0.162776	0.109994	0.0967993	0.430175	0.520074
-10.0587	10.8908	5.12378	0.195267	-9.90413	11.2255	-10.0976	10.8772	5.1891	0.139618	0.109895	0.0967021	0.429744	0.519547
-9.80055	10.9763	5.14512	0.381345	-9.83445	11.1032	-9.83809	10.8837	5.19106	0.118212	0.109796	0.096694	0.42931	0.519152
-9.53932	10.984	5.18407	0.313239	-10.195	10.3498	-9.57852	10.8891	5.19278	0.0985664	0.109698	0.0966904	0.428872	0.518713
-9.288	11.0112	5.16447	0.339045	-9.3066	11.0348	-9.31887	10.8936	5.19428	0.0806865	0.109595	0.0967376	0.428437	0.518315
-9.01957	11.0088	5.20861	0.266493	-9.2226	10.3527	-9.05915	10.8972	5.19557	0.0645787	0.109498	0.0967701	0.428001	0.517868
-8.76757	11.0384	5.18835	0.303406	-8.78899	11.0707	-8.79937	10.9001	5.19667	0.050248	0.109396	0.0968724	0.427567	0.517468
-8.49275	11.0249	5.25415	0.194976	-8.83914	10.0319	-8.53953	10.9023	5.19759	0.0376992	0.109306	0.0969315	0.427142	0.516993
-8.41107	10.8678	4.71033	-0.253058	-8.62045	10.6577	-8.27965	10.9039	5.19835	0.0269359	0.109355	0.0968472	0.427274	0.516624
-8.17972	10.8568	4.69384	-0.242482	-7.91543	11.1157	-8.01974	10.905	5.19896	0.0179617	0.109481	0.0967737	0.427445	0.516235
-7.76397	10.9307	5.22109	0.0113396	-7.51971	11.0005	-7.75979	10.9057	5.19942	0.0107791	0.109371	0.0966828	0.427016	0.515715
-7.50029	10.9241	5.20882	0.0263226	-7.25987	10.6458	-7.49981	10.9061	5.19975	0.00539029	0.109261	0.0965891	0.426587	0.515198
-7.21309	10.8904	5.27759	-0.049934	-7.15631	10.815	-7.23983	10.9063	5.19994	0.00179692	0.109158	0.0964949	0.426173	0.514687
-6.96499	10.9144	5.19447	0.0890982	-7.39396	11.0181	-6.97983	10.9064	5.2	-7.84874e-15	0.109051	0.096399	0.425747	0.514187
